#CODE;ENGLISH;FRENCH;GERMAN;;SPANISH;;;;;;;;;x
d_abshaumwald;Abshaumwald;Abshaumwald;Abshaumwald;;Abshaumwald;;;;;;;;;x
d_abshaumwald_adj;Abshaumwaldian;;abshaumwalder;;;;;;;;;;;x
d_achteraver;Achteraver;Achteraver;Achteraver;;Achteraver;;;;;;;;;x
d_achteraver_adj;Achteraverian;;achteraverer;;;;;;;;;;;x
d_aix;Aix;Aix;Aix;;Aix;;;;;;;;;x
d_aix_adj;Aixian;;aixer;;;;;;;;;;;x
d_aldente;Aldente;Aldente;Aldente;;Aldente;;;;;;;;;x
d_aldente_adj;Aldentean;;aldenter;;;;;;;;;;;x
d_alemoges;Alemôges;Alemôges;Alemôges;;Alemôges;;;;;;;;;x
d_alemoges_adj;Alemôgesian;;alemôgeser;;;;;;;;;;;x
d_altaya;Altaya;Altaya;Altaya;;Altaya;;;;;;;;;x
d_altaya_adj;Altayan;;altaer;;;;;;;;;;;x
d_altdorf;Altdorf;Altdorf;Altdorf;;Altdorf;;;;;;;;;x
d_altdorf_adj;Altdorfian;;altdorfer;;;;;;;;;;;x
d_ancon;Ançon;Ançon;Ançon;;Ançon;;;;;;;;;x
d_ancon_adj;Ançonian;;ançoner;;;;;;;;;;;x
d_anksary;Anksary;Anksary;Anksary;;Anksary;;;;;;;;;x
d_anksary_adj;Anksarian;;anksarer;;;;;;;;;;;x
d_aponnia;Aponnia;Aponnia;Aponnia;;Aponnia;;;;;;;;;x
d_aponnia_adj;Aponnian;;aponner;;;;;;;;;;;x
d_aquitaine;Aquitaine;Aquitaine;Aquitaine;;Aquitaine;;;;;;;;;x
d_aquitaine_adj;Aquitainean;;aquitainer;;;;;;;;;;;x
d_arali;Arali;Arali;Arali;;Arali;;;;;;;;;x
d_arali_adj;Aralian;;araler;;;;;;;;;;;x
d_arden;Arden;Arden;Arden;;Arden;;;;;;;;;x
d_arden_adj;Ardenian;;ardener;;;;;;;;;;;x
d_armagne;Armagne;Armagne;Armagne;;Armagne;;;;;;;;;x
d_armagne_adj;Armagnean;;armagner;;;;;;;;;;;x
d_armorique;Armorique;Armorique;Armorique;;Armorique;;;;;;;;;x
d_armorique_adj;Armoriquean;;armoriqer;;;;;;;;;;;x
d_artois;Artois;Artois;Artois;;Artois;;;;;;;;;x
d_artois_adj;Artoisian;;artoiser;;;;;;;;;;;x
d_astiano;Astiano;Astiano;Astiano;;Astiano;;;;;;;;;x
d_astiano_adj;Astianian;;astianer;;;;;;;;;;;x
d_auld_styrland;Auld Styrland;Auld Styrland;Auld Styrland;;Auld Styrland;;;;;;;;;x
d_auld_styrland_adj;Auld Styrlandian;;Auld Styrlander;;;;;;;;;;;x
d_ausanne;Ausanne;Ausanne;Ausanne;;Ausanne;;;;;;;;;x
d_ausanne_adj;Ausannean;;ausanner;;;;;;;;;;;x
d_aver_march;Aver March;Aver March;Aver March;;Aver March;;;;;;;;;x
d_aver_march_adj;Aver Marchian;;Aver Marcher;;;;;;;;;;;x
d_averheim;Averheim;Averheim;Averheim;;Averheim;;;;;;;;;x
d_averheim_adj;Averheimian;;averheimer;;;;;;;;;;;x
d_azgarazar;Azgarazar;Azgarazar;Azgarazar;;Azgarazar;;;;;;;;;x
d_azgarazar_adj;Azgarazarian;;azgarazarer;;;;;;;;;;;x
d_azgorh;Azgorh;Azgorh;Azgorh;;Azgorh;;;;;;;;;x
d_azgorh_adj;Azgorhian;;azgorher;;;;;;;;;;;x
d_baartak;Baartak;Baartak;Baartak;;Baartak;;;;;;;;;x
d_baartak_adj;Baartakian;;baartaker;;;;;;;;;;;x
d_barak_varr;Barak Varr;Barak Varr;Barak Varr;;Barak Varr;;;;;;;;;x
d_barak_varr_adj;Barak Varrian;;Barak Varrer;;;;;;;;;;;x
d_barduila;Barduila;Barduila;Barduila;;Barduila;;;;;;;;;x
d_barduila_adj;Barduilan;;barduiler;;;;;;;;;;;x
d_barodrin;Barodrin;Barodrin;Barodrin;;Barodrin;;;;;;;;;x
d_barodrin_adj;Barodrinian;;barodriner;;;;;;;;;;;x
d_bastonne;Bastonne;Bastonne;Bastonne;;Bastonne;;;;;;;;;x
d_bastonne_adj;Bastonnean;;bastonner;;;;;;;;;;;x
d_bebrikia;Bebrikia;Bebrikia;Bebrikia;;Bebrikia;;;;;;;;;x
d_bebrikia_adj;Bebrikian;;bebriker;;;;;;;;;;;x
d_bechafen;Bechafen;Bechafen;Bechafen;;Bechafen;;;;;;;;;x
d_bechafen_adj;Bechafenian;;bechafener;;;;;;;;;;;x
d_bergrisi;Bergrisi;Bergrisi;Bergrisi;;Bergrisi;;;;;;;;;x
d_bergrisi_adj;Bergrisian;;bergriser;;;;;;;;;;;x
d_bilbali;Bilbali;Bilbali;Bilbali;;Bilbali;;;;;;;;;x
d_bilbali_adj;Bilbalian;;bilbaler;;;;;;;;;;;x
d_blackwater;Blackwater;Blackwater;Blackwater;;Blackwater;;;;;;;;;x
d_blackwater_adj;Blackwaterian;;blackwaterer;;;;;;;;;;;x
d_blitzfelsen;Blitzfelsen;Blitzfelsen;Blitzfelsen;;Blitzfelsen;;;;;;;;;x
d_blitzfelsen_adj;Blitzfelsenian;;blitzfelsener;;;;;;;;;;;x
d_blodhfell;Blóðfell;Blóðfell;Blóðfell;;Blóðfell;;;;;;;;;x
d_blodhfell_adj;Blóðfellian;;blóðfeller;;;;;;;;;;;x
d_blodig;Blodig;Blodig;Blodig;;Blodig;;;;;;;;;x
d_blodig_adj;Blodigian;;blodiger;;;;;;;;;;;x
d_bolgasgrad;Bolgasgrad;Bolgasgrad;Bolgasgrad;;Bolgasgrad;;;;;;;;;x
d_bolgasgrad_adj;Bolgasgradian;;bolgasgrader;;;;;;;;;;;x
d_bordeleaux;Bordeleaux;Bordeleaux;Bordeleaux;;Bordeleaux;;;;;;;;;x
d_bordeleaux_adj;Bordeleauxian;;bordeleauxer;;;;;;;;;;;x
d_brachland;Brachland;Brachland;Brachland;;Brachland;;;;;;;;;x
d_brachland_adj;Brachlandian;;brachlander;;;;;;;;;;;x
d_bragante;Bragante;Bragante;Bragante;;Bragante;;;;;;;;;x
d_bragante_adj;Bragantean;;braganter;;;;;;;;;;;x
d_brionne;Brionne;Brionne;Brionne;;Brionne;;;;;;;;;x
d_brionne_adj;Brionnean;;brionner;;;;;;;;;;;x
d_bulak;Bulak;Bulak;Bulak;;Bulak;;;;;;;;;x
d_bulak_adj;Bulakian;;bulaker;;;;;;;;;;;x
d_cantabrona;Cantabrona;Cantabrona;Cantabrona;;Cantabrona;;;;;;;;;x
d_cantabrona_adj;Cantabronan;;cantabroner;;;;;;;;;;;x
d_capra;Capra;Capra;Capra;;Capra;;;;;;;;;x
d_capra_adj;Capran;;caprer;;;;;;;;;;;x
d_carcassonne;Carcassonne;Carcassonne;Carcassonne;;Carcassonne;;;;;;;;;x
d_carcassonne_adj;Carcassonnean;;carcassonner;;;;;;;;;;;x
d_carroburg;Carroburg;Carroburg;Carroburg;;Carroburg;;;;;;;;;x
d_carroburg_adj;Carroburgian;;carroburger;;;;;;;;;;;x
d_cathay_kadrin;Cathay Kadrin;Cathay Kadrin;Cathay Kadrin;;Cathay Kadrin;;;;;;;;;x
d_cathay_kadrin_adj;Cathay Kadrinian;;Cathay Kadriner;;;;;;;;;;;x
d_chakmyr;Chakmyr;Chakmyr;Chakmyr;;Chakmyr;;;;;;;;;x
d_chakmyr_adj;Chakmyrian;;chakmyrer;;;;;;;;;;;x
d_chalons;Châlons;Châlons;Châlons;;Châlons;;;;;;;;;x
d_chalons_adj;Châlonsian;;châlonser;;;;;;;;;;;x
d_charboneau;Charboneau;Charboneau;Charboneau;;Charboneau;;;;;;;;;x
d_charboneau_adj;Charbonian;;charboner;;;;;;;;;;;x
d_chargrim;Chargrim;Chargrim;Chargrim;;Chargrim;;;;;;;;;x
d_chargrim_adj;Chargrimian;;chargrimer;;;;;;;;;;;x
d_cherry;Cherry;Cherry;Cherry;;Cherry;;;;;;;;;x
d_cherry_adj;Cherrian;;cherrer;;;;;;;;;;;x
d_chinon;Chinon;Chinon;Chinon;;Chinon;;;;;;;;;x
d_chinon_adj;Chinonian;;chinoner;;;;;;;;;;;x
d_clazomene;Clazomene;Clazomene;Clazomene;;Clazomene;;;;;;;;;x
d_clazomene_adj;Clazomenean;;clazomener;;;;;;;;;;;x
d_corsair_strand;Corsair Strand;Corsair Strand;Corsair Strand;;Corsair Strand;;;;;;;;;x
d_corsair_strand_adj;Corsair Strandian;;Corsair Strander;;;;;;;;;;;x
d_couronne;Couronne;Couronne;Couronne;;Couronne;;;;;;;;;x
d_couronne_adj;Couronnean;;couronner;;;;;;;;;;;x
d_cuileux;Cuileux;Cuileux;Cuileux;;Cuileux;;;;;;;;;x
d_cuileux_adj;Cuileuxian;;cuileuxer;;;;;;;;;;;x
d_dawizag;Dawizag;Dawizag;Dawizag;;Dawizag;;;;;;;;;x
d_dawizag_adj;Dawizagian;;dawizager;;;;;;;;;;;x
d_death_pass;Death Pass;Death Pass;Death Pass;;Death Pass;;;;;;;;;x
d_death_pass_adj;Death Passian;;Death Passer;;;;;;;;;;;x
d_dharkwyr;Dharkwyr;Dharkwyr;Dharkwyr;;Dharkwyr;;;;;;;;;x
d_dharkwyr_adj;Dharkwyrian;;dharkwyrer;;;;;;;;;;;x
d_diamenterra;Diamenterra;Diamenterra;Diamenterra;;Diamenterra;;;;;;;;;x
d_diamenterra_adj;Diamenterran;;diamenterrer;;;;;;;;;;;x
d_djeiten;Djeiten;Djeiten;Djeiten;;Djeiten;;;;;;;;;x
d_djeiten_adj;Djeitenian;;djeitener;;;;;;;;;;;x
d_dobryrion;Dobryrion;Dobryrion;Dobryrion;;Dobryrion;;;;;;;;;x
d_dobryrion_adj;Dobryrionian;;dobryrioner;;;;;;;;;;;x
d_dokuvalk;Dokuvalk;Dokuvalk;Dokuvalk;;Dokuvalk;;;;;;;;;x
d_dokuvalk_adj;Dokuvalkian;;dokuvalker;;;;;;;;;;;x
d_drakanzang;Drakanzang;Drakanzang;Drakanzang;;Drakanzang;;;;;;;;;x
d_drakanzang_adj;Drakanzangian;;drakanzanger;;;;;;;;;;;x
d_drakenhoehenzug;Drakenhöhenzug;Drakenhöhenzug;Drakenhöhenzug;;Drakenhöhenzug;;;;;;;;;x
d_drakenhoehenzug_adj;Drakenhöhenzugian;;drakenhöhenzuger;;;;;;;;;;;x
d_drakenmoor;Drakenmoor;Drakenmoor;Drakenmoor;;Drakenmoor;;;;;;;;;x
d_drakenmoor_adj;Drakenmoorian;;drakenmoorer;;;;;;;;;;;x
d_drakon_coast;Drakon Coast;Drakon Coast;Drakon Coast;;Drakon Coast;;;;;;;;;x
d_drakon_coast_adj;Drakon Coastian;;Drakon Coaster;;;;;;;;;;;x
d_drakwasser;Drakwasser;Drakwasser;Drakwasser;;Drakwasser;;;;;;;;;x
d_drakwasser_adj;Drakwasserian;;drakwasserer;;;;;;;;;;;x
d_drazhdrin;Drazhdrin;Drazhdrin;Drazhdrin;;Drazhdrin;;;;;;;;;x
d_drazhdrin_adj;Drazhdrinian;;drazhdriner;;;;;;;;;;;x
d_dukhyls;Dukhyls;Dukhyls;Dukhyls;;Dukhyls;;;;;;;;;x
d_dukhyls_adj;Dukhylsian;;dukhylser;;;;;;;;;;;x
d_dwardin;Dwardin;Dwardin;Dwardin;;Dwardin;;;;;;;;;x
d_dwardin_adj;Dwardinian;;dwardiner;;;;;;;;;;;x
d_dypvann;Dypvann;Dypvann;Dypvann;;Dypvann;;;;;;;;;x
d_dypvann_adj;Dypvannian;;dypvanner;;;;;;;;;;;x
d_dysmyr;Dysmyr;Dysmyr;Dysmyr;;Dysmyr;;;;;;;;;x
d_dysmyr_adj;Dysmyrian;;dysmyrer;;;;;;;;;;;x
d_dzhagna;Dzhagna;Dzhagna;Dzhagna;;Dzhagna;;;;;;;;;x
d_dzhagna_adj;Dzhagnan;;dzhagner;;;;;;;;;;;x
d_ejsgard;Ejsgard;Ejsgard;Ejsgard;;Ejsgard;;;;;;;;;x
d_ejsgard_adj;Ejsgardian;;ejsgarder;;;;;;;;;;;x
d_ekrund;Ekrund;Ekrund;Ekrund;;Ekrund;;;;;;;;;x
d_ekrund_adj;Ekrundian;;ekrunder;;;;;;;;;;;x
d_ekzfilazanar;Ekzfilazanar;Ekzfilazanar;Ekzfilazanar;;Ekzfilazanar;;;;;;;;;x
d_ekzfilazanar_adj;Ekzfilazanarian;;ekzfilazanarer;;;;;;;;;;;x
d_el_toboso;El Toboso;El Toboso;El Toboso;;El Toboso;;;;;;;;;x
d_el_toboso_adj;El Tobosian;;El Toboser;;;;;;;;;;;x
d_eprenois;Eprenois;Eprenois;Eprenois;;Eprenois;;;;;;;;;x
d_eprenois_adj;Eprenoisian;;eprenoiser;;;;;;;;;;;x
d_eragol;Eragol;Eragol;Eragol;;Eragol;;;;;;;;;x
d_eragol_adj;Eragolian;;eragoler;;;;;;;;;;;x
d_erengrad;Erengrad;Erengrad;Erengrad;;Erengrad;;;;;;;;;x
d_erengrad_adj;Erengradian;;erengrader;;;;;;;;;;;x
d_erpelzug;Erpelzug;Erpelzug;Erpelzug;;Erpelzug;;;;;;;;;x
d_erpelzug_adj;Erpelzugian;;erpelzuger;;;;;;;;;;;x
d_everpeak;Everpeak;Everpeak;Everpeak;;Everpeak;;;;;;;;;x
d_everpeak_adj;Everpeakian;;everpeaker;;;;;;;;;;;x
d_farlichberge;Farlichberge;Farlichberge;Farlichberge;;Farlichberge;;;;;;;;;x
d_farlichberge_adj;Farlichbergean;;farlichberger;;;;;;;;;;;x
d_fatandira;Fatandira;Fatandira;Fatandira;;Fatandira;;;;;;;;;x
d_fatandira_adj;Fatandiran;;fatandirer;;;;;;;;;;;x
d_fauligmere;Fauligmere;Fauligmere;Fauligmere;;Fauligmere;;;;;;;;;x
d_fauligmere_adj;Fauligmerean;;fauligmerer;;;;;;;;;;;x
d_felskagi;Felskagi;Felskagi;Felskagi;;Felskagi;;;;;;;;;x
d_felskagi_adj;Felskagian;;felskager;;;;;;;;;;;x
d_ferlangen;Ferlangen;Ferlangen;Ferlangen;;Ferlangen;;;;;;;;;x
d_ferlangen_adj;Ferlangenian;;ferlangener;;;;;;;;;;;x
d_fierroso;Fierroso;Fierroso;Fierroso;;Fierroso;;;;;;;;;x
d_fierroso_adj;Fierrosian;;fierroser;;;;;;;;;;;x
d_finterra;Finterra;Finterra;Finterra;;Finterra;;;;;;;;;x
d_finterra_adj;Finterran;;finterrer;;;;;;;;;;;x
d_firento;Firento;Firento;Firento;;Firento;;;;;;;;;x
d_firento_adj;Firentian;;firenter;;;;;;;;;;;x
d_fjallfel;Fjallfel;Fjallfel;Fjallfel;;Fjallfel;;;;;;;;;x
d_fjallfel_adj;Fjallfelian;;fjallfeler;;;;;;;;;;;x
d_fjelljer;Fjelljer;Fjelljer;Fjelljer;;Fjelljer;;;;;;;;;x
d_fjelljer_adj;Fjelljerian;;fjelljerer;;;;;;;;;;;x
d_fneldurk;Fneldurk;Fneldurk;Fneldurk;;Fneldurk;;;;;;;;;x
d_fneldurk_adj;Fneldurkian;;fneldurker;;;;;;;;;;;x
d_franchelande;Franchélande;Franchélande;Franchélande;;Franchélande;;;;;;;;;x
d_franchelande_adj;Franchélandean;;franchélander;;;;;;;;;;;x
d_frysland;Frysland;Frysland;Frysland;;Frysland;;;;;;;;;x
d_frysland_adj;Fryslandian;;fryslander;;;;;;;;;;;x
d_fuinn;Fuinn;Fuinn;Fuinn;;Fuinn;;;;;;;;;x
d_fuinn_adj;Fuinnian;;fuinner;;;;;;;;;;;x
d_fyriksfeld;Fyriksfeld;Fyriksfeld;Fyriksfeld;;Fyriksfeld;;;;;;;;;x
d_fyriksfeld_adj;Fyriksfeldian;;fyriksfelder;;;;;;;;;;;x
d_ganibek;Ganibek;Ganibek;Ganibek;;Ganibek;;;;;;;;;x
d_ganibek_adj;Ganibekian;;ganibeker;;;;;;;;;;;x
d_gantuk;Gantuk;Gantuk;Gantuk;;Gantuk;;;;;;;;;x
d_gantuk_adj;Gantukian;;gantuker;;;;;;;;;;;x
d_gaoche;Gaoche;Gaoche;Gaoche;;Gaoche;;;;;;;;;x
d_gaoche_adj;Gaochean;;gaocher;;;;;;;;;;;x
d_garnata;Garnata;Garnata;Garnata;;Garnata;;;;;;;;;x
d_garnata_adj;Garnatan;;garnater;;;;;;;;;;;x
d_gaula;Gaula;Gaula;Gaula;;Gaula;;;;;;;;;x
d_gaula_adj;Gaulan;;gauler;;;;;;;;;;;x
d_gazan;Gazan;Gazan;Gazan;;Gazan;;;;;;;;;x
d_gazan_adj;Gazanian;;gazaner;;;;;;;;;;;x
d_gazan_haraz;Gazan Haraz;Gazan Haraz;Gazan Haraz;;Gazan Haraz;;;;;;;;;x
d_gazan_haraz_adj;Gazan Harazian;;Gazan Harazer;;;;;;;;;;;x
d_gazan_zharr;Gazan Zharr;Gazan Zharr;Gazan Zharr;;Gazan Zharr;;;;;;;;;x
d_gazan_zharr_adj;Gazan Zharrian;;Gazan Zharrer;;;;;;;;;;;x
d_geisterforst;Geisterforst;Geisterforst;Geisterforst;;Geisterforst;;;;;;;;;x
d_geisterforst_adj;Geisterforstian;;geisterforster;;;;;;;;;;;x
d_gisoreux;Gisoreux;Gisoreux;Gisoreux;;Gisoreux;;;;;;;;;x
d_gisoreux_adj;Gisoreuxian;;gisoreuxer;;;;;;;;;;;x
d_glanborielle;Glanborielle;Glanborielle;Glanborielle;;Glanborielle;;;;;;;;;x
d_glanborielle_adj;Glanboriellean;;glanborieller;;;;;;;;;;;x
d_grand_senlou;Grand Senlou;Grand Senlou;Grand Senlou;;Grand Senlou;;;;;;;;;x
d_grand_senlou_adj;Grand Senlian;;Grand Senler;;;;;;;;;;;x
d_grauenmark;Grauenmark;Grauenmark;Grauenmark;;Grauenmark;;;;;;;;;x
d_grauenmark_adj;Grauenmarkian;;grauenmarker;;;;;;;;;;;x
d_greater_khernarch;Greater Khernarch;Greater Khernarch;Greater Khernarch;;Greater Khernarch;;;;;;;;;x
d_greater_khernarch_adj;Greater Khernarchian;;Greater Khernarcher;;;;;;;;;;;x
d_griffonwald;Griffonwald;Griffonwald;Griffonwald;;Griffonwald;;;;;;;;;x
d_griffonwald_adj;Griffonwaldian;;griffonwalder;;;;;;;;;;;x
d_grimaz_orrud;Grimaz Orrud;Grimaz Orrud;Grimaz Orrud;;Grimaz Orrud;;;;;;;;;x
d_grimaz_orrud_adj;Grimaz Orrudian;;Grimaz Orruder;;;;;;;;;;;x
d_grisoeurs;Grisoeurs;Grisoeurs;Grisoeurs;;Grisoeurs;;;;;;;;;x
d_grisoeurs_adj;Grisoeursian;;grisoeurser;;;;;;;;;;;x
d_grombar;Grombar;Grombar;Grombar;;Grombar;;;;;;;;;x
d_grombar_adj;Grombarian;;grombarer;;;;;;;;;;;x
d_gromzikar;Gromzikar;Gromzikar;Gromzikar;;Gromzikar;;;;;;;;;x
d_gromzikar_adj;Gromzikarian;;gromzikarer;;;;;;;;;;;x
d_grontfell;Grontfell;Grontfell;Grontfell;;Grontfell;;;;;;;;;x
d_grontfell_adj;Grontfellian;;grontfeller;;;;;;;;;;;x
d_grontizar;Grontizar;Grontizar;Grontizar;;Grontizar;;;;;;;;;x
d_grontizar_adj;Grontizarian;;grontizarer;;;;;;;;;;;x
d_grungozar;Grungozar;Grungozar;Grungozar;;Grungozar;;;;;;;;;x
d_grungozar_adj;Grungozarian;;grungozarer;;;;;;;;;;;x
d_guerac;Guerac;Guerac;Guerac;;Guerac;;;;;;;;;x
d_guerac_adj;Gueracian;;gueracer;;;;;;;;;;;x
d_gyrn;Gyrn;Gyrn;Gyrn;;Gyrn;;;;;;;;;x
d_gyrn_adj;Gyrnian;;gyrner;;;;;;;;;;;x
d_hadastim;Hadastim;Hadastim;Hadastim;;Hadastim;;;;;;;;;x
d_hadastim_adj;Hadastimian;;hadastimer;;;;;;;;;;;x
d_haflok;Haflok;Haflok;Haflok;;Haflok;;;;;;;;;x
d_haflok_adj;Haflokian;;hafloker;;;;;;;;;;;x
d_hahk;Hahk;Hahk;Hahk;;Hahk;;;;;;;;;x
d_hahk_adj;Hahkian;;hahker;;;;;;;;;;;x
d_harazi;Harazi;Harazi;Harazi;;Harazi;;;;;;;;;x
d_harazi_adj;Harazian;;harazer;;;;;;;;;;;x
d_harzud;Harzud;Harzud;Harzud;;Harzud;;;;;;;;;x
d_harzud_adj;Harzudian;;harzuder;;;;;;;;;;;x
d_haz_drazh;Haz-Drazh;Haz-Drazh;Haz-Drazh;;Haz-Drazh;;;;;;;;;x
d_haz_drazh_adj;Haz-Drazhian;;haz-drazher;;;;;;;;;;;x
d_heideland;Heideland;Heideland;Heideland;;Heideland;;;;;;;;;x
d_heideland_adj;Heidelandian;;heidelander;;;;;;;;;;;x
d_hetta_syrul;Hetta Syrul;Hetta Syrul;Hetta Syrul;;Hetta Syrul;;;;;;;;;x
d_hetta_syrul_adj;Hetta Syrulian;;Hetta Syruler;;;;;;;;;;;x
d_hirn;Hirn;Hirn;Hirn;;Hirn;;;;;;;;;x
d_hirn_adj;Hirnian;;hirner;;;;;;;;;;;x
d_hjaltland;Hjaltland;Hjaltland;Hjaltland;;Hjaltland;;;;;;;;;x
d_hjaltland_adj;Hjaltlandian;;hjaltlander;;;;;;;;;;;x
d_hjorix;Hjorix;Hjorix;Hjorix;;Hjorix;;;;;;;;;x
d_hjorix_adj;Hjorixian;;hjorixer;;;;;;;;;;;x
d_howl;Howl;Howl;Howl;;Howl;;;;;;;;;x
d_howl_adj;Howlian;;howler;;;;;;;;;;;x
d_hrimpurs;Hrímpurs;Hrímpurs;Hrímpurs;;Hrímpurs;;;;;;;;;x
d_hrimpurs_adj;Hrímpursian;;hrímpurser;;;;;;;;;;;x
d_hulebjorn;Hulebjorn;Hulebjorn;Hulebjorn;;Hulebjorn;;;;;;;;;x
d_hulebjorn_adj;Hulebjornian;;hulebjorner;;;;;;;;;;;x
d_hvagir;Hvagir;Hvagir;Hvagir;;Hvagir;;;;;;;;;x
d_hvagir_adj;Hvagirian;;hvagirer;;;;;;;;;;;x
d_iavaskh;Iavaskh;Iavaskh;Iavaskh;;Iavaskh;;;;;;;;;x
d_iavaskh_adj;Iavaskhian;;iavaskher;;;;;;;;;;;x
d_iisgalt;Iisgalt;Iisgalt;Iisgalt;;Iisgalt;;;;;;;;;x
d_iisgalt_adj;Iisgaltian;;iisgalter;;;;;;;;;;;x
d_ionica;Ionica;Ionica;Ionica;;Ionica;;;;;;;;;x
d_ionica_adj;Ionican;;ionicer;;;;;;;;;;;x
d_irrana;Irrana;Irrana;Irrana;;Irrana;;;;;;;;;x
d_irrana_adj;Irranan;;irraner;;;;;;;;;;;x
d_issik;Issik;Issik;Issik;;Issik;;;;;;;;;x
d_issik_adj;Issikian;;issiker;;;;;;;;;;;x
d_izor;Izor;Izor;Izor;;Izor;;;;;;;;;x
d_izor_adj;Izorian;;izorer;;;;;;;;;;;x
d_jotunir;Jotunir;Jotunir;Jotunir;;Jotunir;;;;;;;;;x
d_jotunir_adj;Jotunirian;;jotunirer;;;;;;;;;;;x
d_kadridaw;Kadridaw;Kadridaw;Kadridaw;;Kadridaw;;;;;;;;;x
d_kadridaw_adj;Kadridawian;;kadridawer;;;;;;;;;;;x
d_kaferkammaz;Kaferkammaz;Kaferkammaz;Kaferkammaz;;Kaferkammaz;;;;;;;;;x
d_kaferkammaz_adj;Kaferkammazian;;kaferkammazer;;;;;;;;;;;x
d_kaldr;Kaldr;Kaldr;Kaldr;;Kaldr;;;;;;;;;x
d_kaldr_adj;Kaldrian;;kaldrer;;;;;;;;;;;x
d_kalinora;Kalinora;Kalinora;Kalinora;;Kalinora;;;;;;;;;x
d_kalinora_adj;Kalinoran;;kalinorer;;;;;;;;;;;x
d_kalti;Kalti;Kalti;Kalti;;Kalti;;;;;;;;;x
d_kalti_adj;Kaltian;;kalter;;;;;;;;;;;x
d_kamistaat;Kamistaat;Kamistaat;Kamistaat;;Kamistaat;;;;;;;;;x
d_kamistaat_adj;Kamistaatian;;kamistaater;;;;;;;;;;;x
d_kampos;Kampos;Kampos;Kampos;;Kampos;;;;;;;;;x
d_kampos_adj;Kamposian;;kamposer;;;;;;;;;;;x
d_karag_azril;Karag Azril;Karag Azril;Karag Azril;;Karag Azril;;;;;;;;;x
d_karag_azril_adj;Karag Azrilian;;Karag Azriler;;;;;;;;;;;x
d_karag_dum;Karag Dum;Karag Dum;Karag Dum;;Karag Dum;;;;;;;;;x
d_karag_dum_adj;Karag Dumian;;Karag Dumer;;;;;;;;;;;x
d_karag_shathur;Karag Shathur;Karag Shathur;Karag Shathur;;Karag Shathur;;;;;;;;;x
d_karag_shathur_adj;Karag Shathurian;;Karag Shathurer;;;;;;;;;;;x
d_karag_zorn;Karag Zorn;Karag Zorn;Karag Zorn;;Karag Zorn;;;;;;;;;x
d_karag_zorn_adj;Karag Zornian;;Karag Zorner;;;;;;;;;;;x
d_karak_azgalzul;Karak-Azgalzul;Karak-Azgalzul;Karak-Azgalzul;;Karak-Azgalzul;;;;;;;;;x
d_karak_azgalzul_adj;Karak-Azgalzulian;;karak-azgalzuler;;;;;;;;;;;x
d_karak_dum;Karak Dum;Karak Dum;Karak Dum;;Karak Dum;;;;;;;;;x
d_karak_dum_adj;Karak Dumian;;Karak Dumer;;;;;;;;;;;x
d_karak_kadrin;Karak Kadrin;Karak Kadrin;Karak Kadrin;;Karak Kadrin;;;;;;;;;x
d_karak_kadrin_adj;Karak Kadrinian;;Karak Kadriner;;;;;;;;;;;x
d_karak_norn;Karak Norn;Karak Norn;Karak Norn;;Karak Norn;;;;;;;;;x
d_karak_norn_adj;Karak Nornian;;Karak Norner;;;;;;;;;;;x
d_karak_opulim;Karak Opulim;Karak Opulim;Karak Opulim;;Karak Opulim;;;;;;;;;x
d_karak_opulim_adj;Karak Opulimian;;Karak Opulimer;;;;;;;;;;;x
d_karak_ungor;Karak Ungor;Karak Ungor;Karak Ungor;;Karak Ungor;;;;;;;;;x
d_karak_ungor_adj;Karak Ungorian;;Karak Ungorer;;;;;;;;;;;x
d_karaskadi;Karaskadi;Karaskadi;Karaskadi;;Karaskadi;;;;;;;;;x
d_karaskadi_adj;Karaskadian;;karaskader;;;;;;;;;;;x
d_karaz_garaz_a_bryn;Karaz Garaz-a-Bryn;Karaz Garaz-a-Bryn;Karaz Garaz-a-Bryn;;Karaz Garaz-a-Bryn;;;;;;;;;x
d_karaz_garaz_a_bryn_adj;Karaz Garaz-a-Brynian;;Karaz Garaz-a-Bryner;;;;;;;;;;;x
d_karish;Karish;Karish;Karish;;Karish;;;;;;;;;x
d_karish_adj;Karishian;;karisher;;;;;;;;;;;x
d_kharnos;Kharnos;Kharnos;Kharnos;;Kharnos;;;;;;;;;x
d_kharnos_adj;Kharnosian;;kharnoser;;;;;;;;;;;x
d_khypria;Khypria;Khypria;Khypria;;Khypria;;;;;;;;;x
d_khypria_adj;Khyprian;;khyprer;;;;;;;;;;;x
d_kieselstaadt;Kieselstaadt;Kieselstaadt;Kieselstaadt;;Kieselstaadt;;;;;;;;;x
d_kieselstaadt_adj;Kieselstaadtian;;kieselstaadter;;;;;;;;;;;x
d_kikkerlandje;Kikkerlandje;Kikkerlandje;Kikkerlandje;;Kikkerlandje;;;;;;;;;x
d_kikkerlandje_adj;Kikkerlandjean;;kikkerlandjer;;;;;;;;;;;x
d_kirulg;Kirulg;Kirulg;Kirulg;;Kirulg;;;;;;;;;x
d_kirulg_adj;Kirulgian;;kirulger;;;;;;;;;;;x
d_kislev;Kislev;Kislev;Kislev;;Kislev;;;;;;;;;x
d_kislev_adj;Kislevian;;kislever;;;;;;;;;;;x
d_kislev_verge;Kislev Verge;Kislev Verge;Kislev Verge;;Kislev Verge;;;;;;;;;x
d_kislev_verge_adj;Kislev Vergean;;Kislev Verger;;;;;;;;;;;x
d_knochenkueste;Knochenküste;Knochenküste;Knochenküste;;Knochenküste;;;;;;;;;x
d_knochenkueste_adj;Knochenküstean;;knochenküster;;;;;;;;;;;x
d_koelsaberge;Kölsaberge;Kölsaberge;Kölsaberge;;Kölsaberge;;;;;;;;;x
d_koelsaberge_adj;Kölsabergean;;kölsaberger;;;;;;;;;;;x
d_kogan;Kogan;Kogan;Kogan;;Kogan;;;;;;;;;x
d_kogan_adj;Koganian;;koganer;;;;;;;;;;;x
d_kol;Kol;Kol;Kol;;Kol;;;;;;;;;x
d_kol_adj;Kolian;;koler;;;;;;;;;;;x
d_kolluk;Kolluk;Kolluk;Kolluk;;Kolluk;;;;;;;;;x
d_kolluk_adj;Kollukian;;kolluker;;;;;;;;;;;x
d_komar;Komar;Komar;Komar;;Komar;;;;;;;;;x
d_komar_adj;Komarian;;komarer;;;;;;;;;;;x
d_korv_ozero;Korv Ozero;Korv Ozero;Korv Ozero;;Korv Ozero;;;;;;;;;x
d_korv_ozero_adj;Korv Ozerian;;Korv Ozerer;;;;;;;;;;;x
d_korver;Korver;Korver;Korver;;Korver;;;;;;;;;x
d_korver_adj;Korverian;;korverer;;;;;;;;;;;x
d_kovasnia;Kovasnia;Kovasnia;Kovasnia;;Kovasnia;;;;;;;;;x
d_kovasnia_adj;Kovasnian;;kovasner;;;;;;;;;;;x
d_kozdramask;Kozdramask;Kozdramask;Kozdramask;;Kozdramask;;;;;;;;;x
d_kozdramask_adj;Kozdramaskian;;kozdramasker;;;;;;;;;;;x
d_kristal;Kristal;Kristal;Kristal;;Kristal;;;;;;;;;x
d_kristal_adj;Kristalian;;kristaler;;;;;;;;;;;x
d_krombar;Krombar;Krombar;Krombar;;Krombar;;;;;;;;;x
d_krombar_adj;Krombarian;;krombarer;;;;;;;;;;;x
d_kuldevind;Kuldevind;Kuldevind;Kuldevind;;Kuldevind;;;;;;;;;x
d_kuldevind_adj;Kuldevindian;;kuldevinder;;;;;;;;;;;x
d_kurlun;Kurlun;Kurlun;Kurlun;;Kurlun;;;;;;;;;x
d_kurlun_adj;Kurlunian;;kurluner;;;;;;;;;;;x
d_kyrnoka;Kyrnoka;Kyrnoka;Kyrnoka;;Kyrnoka;;;;;;;;;x
d_kyrnoka_adj;Kyrnokan;;kyrnoker;;;;;;;;;;;x
d_la_marche;La Marche;La Marche;La Marche;;La Marche;;;;;;;;;x
d_la_marche_adj;La Marchean;;La Marcher;;;;;;;;;;;x
d_langkt_orrud;Langkt Orrud;Langkt Orrud;Langkt Orrud;;Langkt Orrud;;;;;;;;;x
d_langkt_orrud_adj;Langkt Orrudian;;Langkt Orruder;;;;;;;;;;;x
d_languille;L'Anguille;L'Anguille;L'Anguille;;L'Anguille;;;;;;;;;x
d_languille_adj;L'Anguillean;;l'anguiller;;;;;;;;;;;x
d_larra;Larra;Larra;Larra;;Larra;;;;;;;;;x
d_larra_adj;Larran;;larrer;;;;;;;;;;;x
d_las_marcas;Las Marcas;Las Marcas;Las Marcas;;Las Marcas;;;;;;;;;x
d_las_marcas_adj;Las Marcasian;;Las Marcaser;;;;;;;;;;;x
d_laurelorn;Laurelorn;Laurelorn;Laurelorn;;Laurelorn;;;;;;;;;x
d_laurelorn_adj;Laurelornian;;laurelorner;;;;;;;;;;;x
d_lesia;Lesia;Lesia;Lesia;;Lesia;;;;;;;;;x
d_lesia_adj;Lesian;;leser;;;;;;;;;;;x
d_lodring;Lodring;Lodring;Lodring;;Lodring;;;;;;;;;x
d_lodring_adj;Lodringian;;lodringer;;;;;;;;;;;x
d_luccini;Luccini;Luccini;Luccini;;Luccini;;;;;;;;;x
d_luccini_adj;Luccinian;;lucciner;;;;;;;;;;;x
d_luparno;Luparno;Luparno;Luparno;;Luparno;;;;;;;;;x
d_luparno_adj;Luparnian;;luparner;;;;;;;;;;;x
d_lynsk;Lynsk;Lynsk;Lynsk;;Lynsk;;;;;;;;;x
d_lynsk_adj;Lynskian;;lynsker;;;;;;;;;;;x
d_lyonesse;Lyonesse;Lyonesse;Lyonesse;;Lyonesse;;;;;;;;;x
d_lyonesse_adj;Lyonessean;;lyonesser;;;;;;;;;;;x
d_mad_dog_pass;Mad Dog Pass;Mad Dog Pass;Mad Dog Pass;;Mad Dog Pass;;;;;;;;;x
d_mad_dog_pass_adj;Mad Dog Passian;;Mad Dog Passer;;;;;;;;;;;x
d_mador;Mador;Mador;Mador;;Mador;;;;;;;;;x
d_mador_adj;Madorian;;madorer;;;;;;;;;;;x
d_marash;Marash;Marash;Marash;;Marash;;;;;;;;;x
d_marash_adj;Marashian;;marasher;;;;;;;;;;;x
d_marche_orcale;Marche Orcale;Marche Orcale;Marche Orcale;;Marche Orcale;;;;;;;;;x
d_marche_orcale_adj;Marche Orcalean;;Marche Orcaler;;;;;;;;;;;x
d_marienburg;Marienburg;Marienburg;Marienburg;;Marienburg;;;;;;;;;x
d_marienburg_adj;Marienburgian;;marienburger;;;;;;;;;;;x
d_martig;Martig;Martig;Martig;;Martig;;;;;;;;;x
d_martig_adj;Martigian;;martiger;;;;;;;;;;;x
d_masse;Masse;Masse;Masse;;Masse;;;;;;;;;x
d_masse_adj;Massean;;masser;;;;;;;;;;;x
d_maykar;Maykar;Maykar;Maykar;;Maykar;;;;;;;;;x
d_maykar_adj;Maykarian;;maykarer;;;;;;;;;;;x
d_meissen;Meissen;Meissen;Meissen;;Meissen;;;;;;;;;x
d_meissen_adj;Meissenian;;meissener;;;;;;;;;;;x
d_merya;Merya;Merya;Merya;;Merya;;;;;;;;;x
d_merya_adj;Meryan;;merer;;;;;;;;;;;x
d_middenheim;Middenheim;Middenheim;Middenheim;;Middenheim;;;;;;;;;x
d_middenheim_adj;Middenheimian;;middenheimer;;;;;;;;;;;x
d_miragliano;Miragliano;Miragliano;Miragliano;;Miragliano;;;;;;;;;x
d_miragliano_adj;Miraglianian;;miraglianer;;;;;;;;;;;x
d_mirasino;Mirasino;Mirasino;Mirasino;;Mirasino;;;;;;;;;x
d_mirasino_adj;Mirasinian;;mirasiner;;;;;;;;;;;x
d_mirkenwald;Mirkenwald;Mirkenwald;Mirkenwald;;Mirkenwald;;;;;;;;;x
d_mirkenwald_adj;Mirkenwaldian;;mirkenwalder;;;;;;;;;;;x
d_mittenberg;Mittenberg;Mittenberg;Mittenberg;;Mittenberg;;;;;;;;;x
d_mittenberg_adj;Mittenbergian;;mittenberger;;;;;;;;;;;x
d_monte_castello;Monte Castello;Monte Castello;Monte Castello;;Monte Castello;;;;;;;;;x
d_monte_castello_adj;Monte Castellian;;Monte Casteller;;;;;;;;;;;x
d_montfort;Montfort;Montfort;Montfort;;Montfort;;;;;;;;;x
d_montfort_adj;Montfortian;;montforter;;;;;;;;;;;x
d_montmagnac;Montmagnac;Montmagnac;Montmagnac;;Montmagnac;;;;;;;;;x
d_montmagnac_adj;Montmagnacian;;montmagnacer;;;;;;;;;;;x
d_morency;Morency;Morency;Morency;;Morency;;;;;;;;;x
d_morency_adj;Morencian;;morencer;;;;;;;;;;;x
d_mourkain;Mourkain;Mourkain;Mourkain;;Mourkain;;;;;;;;;x
d_mourkain_adj;Mourkainian;;mourkainer;;;;;;;;;;;x
d_mousillon;Mousillon;Mousillon;Mousillon;;Mousillon;;;;;;;;;x
d_mousillon_adj;Mousillonian;;mousilloner;;;;;;;;;;;x
d_murmask;Murmask;Murmask;Murmask;;Murmask;;;;;;;;;x
d_murmask_adj;Murmaskian;;murmasker;;;;;;;;;;;x
d_nacary_isles;Nacary Isles;Nacary Isles;Nacary Isles;;Nacary Isles;;;;;;;;;x
d_nacary_isles_adj;Nacary Islesian;;Nacary Isleser;;;;;;;;;;;x
d_nagash;Nagash;Nagash;Nagash;;Nagash;;;;;;;;;x
d_nagash_adj;Nagashian;;nagasher;;;;;;;;;;;x
d_naglifell;Naglifell;Naglifell;Naglifell;;Naglifell;;;;;;;;;x
d_naglifell_adj;Naglifellian;;naglifeller;;;;;;;;;;;x
d_nagrazzor;Nagrazzor;Nagrazzor;Nagrazzor;;Nagrazzor;;;;;;;;;x
d_nagrazzor_adj;Nagrazzorian;;nagrazzorer;;;;;;;;;;;x
d_nar;Nar;Nar;Nar;;Nar;;;;;;;;;x
d_nar_adj;Narian;;narer;;;;;;;;;;;x
d_nattern;Nattern;Nattern;Nattern;;Nattern;;;;;;;;;x
d_nattern_adj;Natternian;;natterner;;;;;;;;;;;x
d_navana;Navaña;Navaña;Navaña;;Navaña;;;;;;;;;x
d_navana_adj;Navañan;;navañer;;;;;;;;;;;x
d_nilfheim;Nilfheim;Nilfheim;Nilfheim;;Nilfheim;;;;;;;;;x
d_nilfheim_adj;Nilfheimian;;nilfheimer;;;;;;;;;;;x
d_noordhaven;Noordhaven;Noordhaven;Noordhaven;;Noordhaven;;;;;;;;;x
d_noordhaven_adj;Noordhavenian;;noordhavener;;;;;;;;;;;x
d_normagne;Normagne;Normagne;Normagne;;Normagne;;;;;;;;;x
d_normagne_adj;Normagnean;;normagner;;;;;;;;;;;x
d_norscveg;Norscveg;Norscveg;Norscveg;;Norscveg;;;;;;;;;x
d_norscveg_adj;Norscvegian;;norscveger;;;;;;;;;;;x
d_nuln;Nuln;Nuln;Nuln;;Nuln;;;;;;;;;x
d_nuln_adj;Nulnian;;nulner;;;;;;;;;;;x
d_odris;Odris;Odris;Odris;;Odris;;;;;;;;;x
d_odris_adj;Odrisian;;odriser;;;;;;;;;;;x
d_ofanfjara;Ofanfjara;Ofanfjara;Ofanfjara;;Ofanfjara;;;;;;;;;x
d_ofanfjara_adj;Ofanfjaran;;ofanfjarer;;;;;;;;;;;x
d_ophira;Ophira;Ophira;Ophira;;Ophira;;;;;;;;;x
d_ophira_adj;Ophiran;;ophirer;;;;;;;;;;;x
d_organza;Organza;Organza;Organza;;Organza;;;;;;;;;x
d_organza_adj;Organzan;;organzer;;;;;;;;;;;x
d_osasto;Osasto;Osasto;Osasto;;Osasto;;;;;;;;;x
d_osasto_adj;Osastian;;osaster;;;;;;;;;;;x
d_osborna;Osborna;Osborna;Osborna;;Osborna;;;;;;;;;x
d_osborna_adj;Osbornan;;osborner;;;;;;;;;;;x
d_ossia;Ossia;Ossia;Ossia;;Ossia;;;;;;;;;x
d_ossia_adj;Ossian;;osser;;;;;;;;;;;x
d_parravon;Parravon;Parravon;Parravon;;Parravon;;;;;;;;;x
d_parravon_adj;Parravonian;;parravoner;;;;;;;;;;;x
d_pavezzano;Pavezzano;Pavezzano;Pavezzano;;Pavezzano;;;;;;;;;x
d_pavezzano_adj;Pavezzanian;;pavezzaner;;;;;;;;;;;x
d_pavona;Pavona;Pavona;Pavona;;Pavona;;;;;;;;;x
d_pavona_adj;Pavonan;;pavoner;;;;;;;;;;;x
d_peak_pass;Peak Pass;Peak Pass;Peak Pass;;Peak Pass;;;;;;;;;x
d_peak_pass_adj;Peak Passian;;Peak Passer;;;;;;;;;;;x
d_perigua;Perigua;Perigua;Perigua;;Perigua;;;;;;;;;x
d_perigua_adj;Periguan;;periger;;;;;;;;;;;x
d_pfeildorf;Pfeildorf;Pfeildorf;Pfeildorf;;Pfeildorf;;;;;;;;;x
d_pfeildorf_adj;Pfeildorfian;;pfeildorfer;;;;;;;;;;;x
d_pferdmark;Pferdmark;Pferdmark;Pferdmark;;Pferdmark;;;;;;;;;x
d_pferdmark_adj;Pferdmarkian;;pferdmarker;;;;;;;;;;;x
d_pinot;Pinot;Pinot;Pinot;;Pinot;;;;;;;;;x
d_pinot_adj;Pinotian;;pinoter;;;;;;;;;;;x
d_piraneo;Piraneo;Piraneo;Piraneo;;Piraneo;;;;;;;;;x
d_piraneo_adj;Piranian;;piraner;;;;;;;;;;;x
d_portua;Portúa;Portúa;Portúa;;Portúa;;;;;;;;;x
d_portua_adj;Portúan;;portúer;;;;;;;;;;;x
d_potchesh;Potchesh;Potchesh;Potchesh;;Potchesh;;;;;;;;;x
d_potchesh_adj;Potcheshian;;potchesher;;;;;;;;;;;x
d_potevenne;Potévenne;Potévenne;Potévenne;;Potévenne;;;;;;;;;x
d_potevenne_adj;Potévennean;;potévenner;;;;;;;;;;;x
d_praag;Praag;Praag;Praag;;Praag;;;;;;;;;x
d_praag_adj;Praagian;;praager;;;;;;;;;;;x
d_qagran;Qagran;Qagran;Qagran;;Qagran;;;;;;;;;x
d_qagran_adj;Qagranian;;qagraner;;;;;;;;;;;x
d_qarum;Qarum;Qarum;Qarum;;Qarum;;;;;;;;;x
d_qarum_adj;Qarumian;;qarumer;;;;;;;;;;;x
d_quenelles;Quenelles;Quenelles;Quenelles;;Quenelles;;;;;;;;;x
d_quenelles_adj;Quenellesian;;quenelleser;;;;;;;;;;;x
d_quierzy;Quierzy;Quierzy;Quierzy;;Quierzy;;;;;;;;;x
d_quierzy_adj;Quierzian;;quierzer;;;;;;;;;;;x
d_reikdahl;Reikdahl;Reikdahl;Reikdahl;;Reikdahl;;;;;;;;;x
d_reikdahl_adj;Reikdahlian;;reikdahler;;;;;;;;;;;x
d_reikwald;Reikwald;Reikwald;Reikwald;;Reikwald;;;;;;;;;x
d_reikwald_adj;Reikwaldian;;reikwalder;;;;;;;;;;;x
d_remas;Remas;Remas;Remas;;Remas;;;;;;;;;x
d_remas_adj;Remasian;;remaser;;;;;;;;;;;x
d_rhothira;Rhothira;Rhothira;Rhothira;;Rhothira;;;;;;;;;x
d_rhothira_adj;Rhothiran;;rhothirer;;;;;;;;;;;x
d_rubitia;Rubitia;Rubitia;Rubitia;;Rubitia;;;;;;;;;x
d_rubitia_adj;Rubitian;;rubiter;;;;;;;;;;;x
d_rugard;Rugard;Rugard;Rugard;;Rugard;;;;;;;;;x
d_rugard_adj;Rugardian;;rugarder;;;;;;;;;;;x
d_ruinmarch;Ruinmarch;Ruinmarch;Ruinmarch;;Ruinmarch;;;;;;;;;x
d_ruinmarch_adj;Ruinmarchian;;ruinmarcher;;;;;;;;;;;x
d_sakatchi_alay;Sakatchi-Alay;Sakatchi-Alay;Sakatchi-Alay;;Sakatchi-Alay;;;;;;;;;x
d_sakatchi_alay_adj;Sakatchi-Alaian;;sakatchi-alaer;;;;;;;;;;;x
d_salz;Salz;Salz;Salz;;Salz;;;;;;;;;x
d_salz_adj;Salzian;;salzer;;;;;;;;;;;x
d_santa_clair;Santa Clair;Santa Clair;Santa Clair;;Santa Clair;;;;;;;;;x
d_santa_clair_adj;Santa Clairian;;Santa Clairer;;;;;;;;;;;x
d_santoyo;Santoyo;Santoyo;Santoyo;;Santoyo;;;;;;;;;x
d_santoyo_adj;Santoian;;santoer;;;;;;;;;;;x
d_saponatheim;Saponatheim;Saponatheim;Saponatheim;;Saponatheim;;;;;;;;;x
d_saponatheim_adj;Saponatheimian;;saponatheimer;;;;;;;;;;;x
d_sarngul;Sarngul;Sarngul;Sarngul;;Sarngul;;;;;;;;;x
d_sarngul_adj;Sarngulian;;sarnguler;;;;;;;;;;;x
d_sartosa;Sartosa;Sartosa;Sartosa;;Sartosa;;;;;;;;;x
d_sartosa_adj;Sartosan;;sartoser;;;;;;;;;;;x
d_sayon;Sayon;Sayon;Sayon;;Sayon;;;;;;;;;x
d_sayon_adj;Sayonian;;sayoner;;;;;;;;;;;x
d_scarosio;Scarosio;Scarosio;Scarosio;;Scarosio;;;;;;;;;x
d_scarosio_adj;Scarosian;;scaroser;;;;;;;;;;;x
d_schutzen;Schutzen;Schutzen;Schutzen;;Schutzen;;;;;;;;;x
d_schutzen_adj;Schutzenian;;schutzener;;;;;;;;;;;x
d_schwarzwald;Schwarzwald;Schwarzwald;Schwarzwald;;Schwarzwald;;;;;;;;;x
d_schwarzwald_adj;Schwarzwaldian;;schwarzwalder;;;;;;;;;;;x
d_scorcio;Scorcio;Scorcio;Scorcio;;Scorcio;;;;;;;;;x
d_scorcio_adj;Scorcian;;scorcer;;;;;;;;;;;x
d_shaar;Shaar;Shaar;Shaar;;Shaar;;;;;;;;;x
d_shaar_adj;Shaarian;;shaarer;;;;;;;;;;;x
d_shirokij;Shirokij;Shirokij;Shirokij;;Shirokij;;;;;;;;;x
d_shirokij_adj;Shirokijian;;shirokijer;;;;;;;;;;;x
d_siren_isles;Siren Isles;Siren Isles;Siren Isles;;Siren Isles;;;;;;;;;x
d_siren_isles_adj;Siren Islesian;;Siren Isleser;;;;;;;;;;;x
d_skadi;Skadi;Skadi;Skadi;;Skadi;;;;;;;;;x
d_skadi_adj;Skadian;;skader;;;;;;;;;;;x
d_skald;Skald;Skald;Skald;;Skald;;;;;;;;;x
d_skald_adj;Skaldian;;skalder;;;;;;;;;;;x
d_skiros;Skiros;Skiros;Skiros;;Skiros;;;;;;;;;x
d_skiros_adj;Skirosian;;skiroser;;;;;;;;;;;x
d_soell;Söll;Söll;Söll;;Söll;;;;;;;;;x
d_soell_adj;Söllian;;söller;;;;;;;;;;;x
d_soerligslette;Soerligslette;Soerligslette;Soerligslette;;Soerligslette;;;;;;;;;x
d_soerligslette_adj;Soerligslettean;;soerligsletter;;;;;;;;;;;x
d_sorg;Sorg;Sorg;Sorg;;Sorg;;;;;;;;;x
d_sorg_adj;Sorgian;;sorger;;;;;;;;;;;x
d_srubnya;Srubnya;Srubnya;Srubnya;;Srubnya;;;;;;;;;x
d_srubnya_adj;Srubnyan;;srubner;;;;;;;;;;;x
d_starnek;Starnek;Starnek;Starnek;;Starnek;;;;;;;;;x
d_starnek_adj;Starnekian;;starneker;;;;;;;;;;;x
d_staslav;Staslav;Staslav;Staslav;;Staslav;;;;;;;;;x
d_staslav_adj;Staslavian;;staslaver;;;;;;;;;;;x
d_steinigkueste;Steinigküste;Steinigküste;Steinigküste;;Steinigküste;;;;;;;;;x
d_steinigkueste_adj;Steinigküstean;;steinigküster;;;;;;;;;;;x
d_steyr;Steyr;Steyr;Steyr;;Steyr;;;;;;;;;x
d_steyr_adj;Steyrian;;steyrer;;;;;;;;;;;x
d_stirhuegel;Stirhügel;Stirhügel;Stirhügel;;Stirhügel;;;;;;;;;x
d_stirhuegel_adj;Stirhügelian;;stirhügeler;;;;;;;;;;;x
d_sudenland;Sudenland;Sudenland;Sudenland;;Sudenland;;;;;;;;;x
d_sudenland_adj;Sudenlandian;;sudenlander;;;;;;;;;;;x
d_svarg;Svarg;Svarg;Svarg;;Svarg;;;;;;;;;x
d_svarg_adj;Svargian;;svarger;;;;;;;;;;;x
d_svellgardhr;Svellgarðr;Svellgarðr;Svellgarðr;;Svellgarðr;;;;;;;;;x
d_svellgardhr_adj;Svellgarðrian;;svellgarðrer;;;;;;;;;;;x
d_taaketskog;Taaketskog;Taaketskog;Taaketskog;;Taaketskog;;;;;;;;;x
d_taaketskog_adj;Taaketskogian;;taaketskoger;;;;;;;;;;;x
d_talabheim;Talabheim;Talabheim;Talabheim;;Talabheim;;;;;;;;;x
d_talabheim_adj;Talabheimian;;talabheimer;;;;;;;;;;;x
d_talbar;Talbar;Talbar;Talbar;;Talbar;;;;;;;;;x
d_talbar_adj;Talbarian;;talbarer;;;;;;;;;;;x
d_tamt_bulak;Tamt-Bulak;Tamt-Bulak;Tamt-Bulak;;Tamt-Bulak;;;;;;;;;x
d_tamt_bulak_adj;Tamt-Bulakian;;tamt-bulaker;;;;;;;;;;;x
d_tartantia;Tartantia;Tartantia;Tartantia;;Tartantia;;;;;;;;;x
d_tartantia_adj;Tartantian;;tartanter;;;;;;;;;;;x
d_tauben;Tauben;Tauben;Tauben;;Tauben;;;;;;;;;x
d_tauben_adj;Taubenian;;taubener;;;;;;;;;;;x
d_the_czegniks;The Czegniks;The Czegniks;The Czegniks;;The Czegniks;;;;;;;;;x
d_the_czegniks_adj;The Czegniksian;;The Czegnikser;;;;;;;;;;;x
d_the_galat;The Galat;The Galat;The Galat;;The Galat;;;;;;;;;x
d_the_galat_adj;The Galatian;;The Galater;;;;;;;;;;;x
d_the_magritate;The Magritate;The Magritate;The Magritate;;The Magritate;;;;;;;;;x
d_the_magritate_adj;The Magritatean;;The Magritater;;;;;;;;;;;x
d_the_veldt;The Veldt;The Veldt;The Veldt;;The Veldt;;;;;;;;;x
d_the_veldt_adj;The Veldtian;;The Veldter;;;;;;;;;;;x
d_thjazi;Thjazi;Thjazi;Thjazi;;Thjazi;;;;;;;;;x
d_thjazi_adj;Thjazian;;thjazer;;;;;;;;;;;x
d_thorfrost;Thorfrost;Thorfrost;Thorfrost;;Thorfrost;;;;;;;;;x
d_thorfrost_adj;Thorfrostian;;thorfroster;;;;;;;;;;;x
d_tivar;Tívar;Tívar;Tívar;;Tívar;;;;;;;;;x
d_tivar_adj;Tívarian;;tívarer;;;;;;;;;;;x
d_tobaro;Tobaro;Tobaro;Tobaro;;Tobaro;;;;;;;;;x
d_tobaro_adj;Tobarian;;tobarer;;;;;;;;;;;x
d_toussaint;Toussaint;Toussaint;Toussaint;;Toussaint;;;;;;;;;x
d_toussaint_adj;Toussaintian;;toussainter;;;;;;;;;;;x
d_trantio;Trantio;Trantio;Trantio;;Trantio;;;;;;;;;x
d_trantio_adj;Trantian;;tranter;;;;;;;;;;;x
d_trastamara;Trastamara;Trastamara;Trastamara;;Trastamara;;;;;;;;;x
d_trastamara_adj;Trastamaran;;trastamarer;;;;;;;;;;;x
d_troas;Troas;Troas;Troas;;Troas;;;;;;;;;x
d_troas_adj;Troasian;;troaser;;;;;;;;;;;x
d_tungask;Tungask;Tungask;Tungask;;Tungask;;;;;;;;;x
d_tungask_adj;Tungaskian;;tungasker;;;;;;;;;;;x
d_udomn;Udomn;Udomn;Udomn;;Udomn;;;;;;;;;x
d_udomn_adj;Udomnian;;udomner;;;;;;;;;;;x
d_uebersreik;Übersreik;Übersreik;Übersreik;;Übersreik;;;;;;;;;x
d_uebersreik_adj;Übersreikian;;übersreiker;;;;;;;;;;;x
d_ugra;Ugra;Ugra;Ugra;;Ugra;;;;;;;;;x
d_ugra_adj;Ugran;;ugrer;;;;;;;;;;;x
d_uhland;Uhland;Uhland;Uhland;;Uhland;;;;;;;;;x
d_uhland_adj;Uhlandian;;uhlander;;;;;;;;;;;x
d_unzkulak;Unzkulak;Unzkulak;Unzkulak;;Unzkulak;;;;;;;;;x
d_unzkulak_adj;Unzkulakian;;unzkulaker;;;;;;;;;;;x
d_upphiminn;Upphiminn;Upphiminn;Upphiminn;;Upphiminn;;;;;;;;;x
d_upphiminn_adj;Upphiminnian;;upphiminner;;;;;;;;;;;x
d_urbimo;Urbimo;Urbimo;Urbimo;;Urbimo;;;;;;;;;x
d_urbimo_adj;Urbimian;;urbimer;;;;;;;;;;;x
d_urian;Urian;Urian;Urian;;Urian;;;;;;;;;x
d_urian_adj;Urianian;;urianer;;;;;;;;;;;x
d_ursfjord;Ursfjord;Ursfjord;Ursfjord;;Ursfjord;;;;;;;;;x
d_ursfjord_adj;Ursfjordian;;ursfjorder;;;;;;;;;;;x
d_uruma;Uruma;Uruma;Uruma;;Uruma;;;;;;;;;x
d_uruma_adj;Uruman;;urumer;;;;;;;;;;;x
d_vala_azril_ungol;Vala-Azril-Ungol;Vala-Azril-Ungol;Vala-Azril-Ungol;;Vala-Azril-Ungol;;;;;;;;;x
d_vala_azril_ungol_adj;Vala-Azril-Ungolian;;vala-azril-ungoler;;;;;;;;;;;x
d_vanaheim;Vanaheim;Vanaheim;Vanaheim;;Vanaheim;;;;;;;;;x
d_vanaheim_adj;Vanaheimian;;vanaheimer;;;;;;;;;;;x
d_varnan;Varnan;Varnan;Varnan;;Varnan;;;;;;;;;x
d_varnan_adj;Varnanian;;varnaner;;;;;;;;;;;x
d_verbogenwald;Verbogenwald;Verbogenwald;Verbogenwald;;Verbogenwald;;;;;;;;;x
d_verbogenwald_adj;Verbogenwaldian;;verbogenwalder;;;;;;;;;;;x
d_verezzo;Verezzo;Verezzo;Verezzo;;Verezzo;;;;;;;;;x
d_verezzo_adj;Verezzian;;verezzer;;;;;;;;;;;x
d_vestligkyst;Vestligkyst;Vestligkyst;Vestligkyst;;Vestligkyst;;;;;;;;;x
d_vestligkyst_adj;Vestligkystian;;vestligkyster;;;;;;;;;;;x
d_villieldr;Villieldr;Villieldr;Villieldr;;Villieldr;;;;;;;;;x
d_villieldr_adj;Villieldrian;;villieldrer;;;;;;;;;;;x
d_vitzy;Vitzy;Vitzy;Vitzy;;Vitzy;;;;;;;;;x
d_vitzy_adj;Vitzian;;vitzer;;;;;;;;;;;x
d_vlagaar;Vlagaar;Vlagaar;Vlagaar;;Vlagaar;;;;;;;;;x
d_vlagaar_adj;Vlagaarian;;vlagaarer;;;;;;;;;;;x
d_volkolamsk;Volkolamsk;Volkolamsk;Volkolamsk;;Volkolamsk;;;;;;;;;x
d_volkolamsk_adj;Volkolamskian;;volkolamsker;;;;;;;;;;;x
d_vorag;Vorag;Vorag;Vorag;;Vorag;;;;;;;;;x
d_vorag_adj;Voragian;;vorager;;;;;;;;;;;x
d_vorbergland;Vorbergland;Vorbergland;Vorbergland;;Vorbergland;;;;;;;;;x
d_vorbergland_adj;Vorberglandian;;vorberglander;;;;;;;;;;;x
d_vulkrond;Vulkrond;Vulkrond;Vulkrond;;Vulkrond;;;;;;;;;x
d_vulkrond_adj;Vulkrondian;;vulkronder;;;;;;;;;;;x
d_waldarfold;Waldarfold;Waldarfold;Waldarfold;;Waldarfold;;;;;;;;;x
d_waldarfold_adj;Waldarfoldian;;waldarfolder;;;;;;;;;;;x
d_waldesruh;Waldesruh;Waldesruh;Waldesruh;;Waldesruh;;;;;;;;;x
d_waldesruh_adj;Waldesruhian;;waldesruher;;;;;;;;;;;x
d_weissberge;Weissberge;Weissberge;Weissberge;;Weissberge;;;;;;;;;x
d_weissberge_adj;Weissbergean;;weissberger;;;;;;;;;;;x
d_wilderwald;Wilderwald;Wilderwald;Wilderwald;;Wilderwald;;;;;;;;;x
d_wilderwald_adj;Wilderwaldian;;wilderwalder;;;;;;;;;;;x
d_wissenburg;Wissenburg;Wissenburg;Wissenburg;;Wissenburg;;;;;;;;;x
d_wissenburg_adj;Wissenburgian;;wissenburger;;;;;;;;;;;x
d_wissetal;Wissetal;Wissetal;Wissetal;;Wissetal;;;;;;;;;x
d_wissetal_adj;Wissetalian;;wissetaler;;;;;;;;;;;x
d_wolfenburg;Wolfenburg;Wolfenburg;Wolfenburg;;Wolfenburg;;;;;;;;;x
d_wolfenburg_adj;Wolfenburgian;;wolfenburger;;;;;;;;;;;x
d_xanbi;Xanbi;Xanbi;Xanbi;;Xanbi;;;;;;;;;x
d_xanbi_adj;Xanbian;;xanber;;;;;;;;;;;x
d_yukagh;Yukagh;Yukagh;Yukagh;;Yukagh;;;;;;;;;x
d_yukagh_adj;Yukaghian;;yukagher;;;;;;;;;;;x
d_zanbaijin;Zanbaijin;Zanbaijin;Zanbaijin;;Zanbaijin;;;;;;;;;x
d_zanbaijin_adj;Zanbaijinian;;zanbaijiner;;;;;;;;;;;x
d_zarazri;Zarazri;Zarazri;Zarazri;;Zarazri;;;;;;;;;x
d_zarazri_adj;Zarazrian;;zarazrer;;;;;;;;;;;x
d_zardrak;Zardrak;Zardrak;Zardrak;;Zardrak;;;;;;;;;x
d_zardrak_adj;Zardrakian;;zardraker;;;;;;;;;;;x
d_zarkadrin;Zarkadrin;Zarkadrin;Zarkadrin;;Zarkadrin;;;;;;;;;x
d_zarkadrin_adj;Zarkadrinian;;zarkadriner;;;;;;;;;;;x
d_zaural;Zaural;Zaural;Zaural;;Zaural;;;;;;;;;x
d_zaural_adj;Zauralian;;zauraler;;;;;;;;;;;x
d_zavkhan;Zavkhan;Zavkhan;Zavkhan;;Zavkhan;;;;;;;;;x
d_zavkhan_adj;Zavkhanian;;zavkhaner;;;;;;;;;;;x
d_zays;Zays;Zays;Zays;;Zays;;;;;;;;;x
d_zays_adj;Zaysian;;zayser;;;;;;;;;;;x
d_zeya;Zeya;Zeya;Zeya;;Zeya;;;;;;;;;x
d_zeya_adj;Zeyan;;zeer;;;;;;;;;;;x
d_zharr_naggrund;Zharr-Naggrund;Zharr-Naggrund;Zharr-Naggrund;;Zharr-Naggrund;;;;;;;;;x
d_zharr_naggrund_adj;Zharr-Naggrundian;;zharr-naggrunder;;;;;;;;;;;x
d_zharrud;Zharrud;Zharrud;Zharrud;;Zharrud;;;;;;;;;x
d_zharrud_adj;Zharrudian;;zharruder;;;;;;;;;;;x
d_zhufbar;Zhufbar;Zhufbar;Zhufbar;;Zhufbar;;;;;;;;;x
d_zhufbar_adj;Zhufbarian;;zhufbarer;;;;;;;;;;;x
d_zhufbar_barak;Zhufbar Barak;Zhufbar Barak;Zhufbar Barak;;Zhufbar Barak;;;;;;;;;x
d_zhufbar_barak_adj;Zhufbar Barakian;;Zhufbar Baraker;;;;;;;;;;;x
d_zifilibar;Zifilibar;Zifilibar;Zifilibar;;Zifilibar;;;;;;;;;x
d_zifilibar_adj;Zifilibarian;;zifilibarer;;;;;;;;;;;x
d_zorn_uzkul;Zorn Uzkul;Zorn Uzkul;Zorn Uzkul;;Zorn Uzkul;;;;;;;;;x
d_zorn_uzkul_adj;Zorn Uzkulian;;Zorn Uzkuler;;;;;;;;;;;x
d_zutvonal;Zutvonal;Zutvonal;Zutvonal;;Zutvonal;;;;;;;;;x
d_zutvonal_adj;Zutvonalian;;zutvonaler;;;;;;;;;;;x
